<?xml version="1.0"?>
<opencv_storage>
<intrinsic type_id="opencv-matrix">
  <rows>3</rows>
  <cols>3</cols>
  <dt>d</dt>
  <data>
    9.8929464833662303e+02 0. 9.3473713274416832e+02 0.
    9.9207392192981808e+02 5.5598990443304672e+02 0. 0. 1.</data></intrinsic>
<distortion type_id="opencv-matrix">
  <rows>4</rows>
  <cols>1</cols>
  <dt>d</dt>
  <data>
    8.8364858701764262e-02 1.1058219350656524e-03 3.2433544479848975e-02
    1.8714932739194404e-02</data></distortion>
<rvec_undistorted type_id="opencv-matrix">
  <rows>3</rows>
  <cols>1</cols>
  <dt>d</dt>
  <data>
    -2.2086025248715901e+00 1.9253082584721009e+00
    3.0038615610449271e-01</data></rvec_undistorted>
<tvec_undistorted type_id="opencv-matrix">
  <rows>3</rows>
  <cols>1</cols>
  <dt>d</dt>
  <data>
    -4.3306685985045418e-02 4.7186209049046059e-02
    3.1354927668674026e-01</data></tvec_undistorted>
</opencv_storage>