<?xml version="1.0"?>
<opencv_storage>
<intrinsic type_id="opencv-matrix">
  <rows>3</rows>
  <cols>3</cols>
  <dt>d</dt>
  <data>
    3.0247318360346708e+02 0. 5.8303362810467786e+02 0.
    4.9497180730185169e+05 2.1706179636515634e+02 0. 0. 1.</data></intrinsic>
<distortion type_id="opencv-matrix">
  <rows>4</rows>
  <cols>1</cols>
  <dt>d</dt>
  <data>
    5.2676730841312747e-01 -3.8098002375170381e-01
    -1.5111534299626328e-01 7.9676238762345974e-02</data></distortion>
</opencv_storage>
