508554142542
fx=1081.37,fy=1081.37,cx=959.5,cy=539.5
fx=365.275,fy=365.275,ix=260.131,iy=202.222,k1=0.0914707,k2=-0.266826,k3=0.0902061,p1=0,p2=0

500767342442
fx=1081.37,fy=1081.37,cx=959.5,cy=539.5
fx=364.216,fy=364.216,ix=259.429,iy=208.611,k1=0.0955485,k2=-0.259804,k3=0.076737,p1=0,p2=0

501408342442
fx=1081.37,fy=1081.37,cx=959.5,cy=539.5
fx=366.327,fy=366.327,ix=258.035,iy=209.877,k1=0.0900894,k2=-0.268181,k3=0.0922447,p1=0,p2=0

500334642442
fx=1081.37,fy=1081.37,cx=959.5,cy=539.5
fx=364.546,fy=364.546,ix=258.095,iy=208.747,k1=0.0925596,k2=-0.270401,k3=0.0898657,p1=0,p2=0

094245434447
fx=1081.37,fy=1081.37,cx=959.5,cy=539.5
fx=367.557,fy=367.557,ix=250.161,iy=199.225,k1=0.0889071,k2=-0.275499,k3=0.10083,p1=0,p2=0

511093242542
fx=1081.37,fy=1081.37,cx=959.5,cy=539.5
fx=364.784,fy=364.784,ix=257.228,iy=206.578,k1=0.0943781,k2=-0.274868,k3=0.0980145,p1=0,p2=0

017688551747
fx=1081.37,fy=1081.37,cx=959.5,cy=539.5
fx=366.791,fy=366.791,ix=254.872,iy=206.309,k1=0.0917307,k2=-0.275275,k3=0.0972425,p1=0,p2=0

001650252747
fx=1081.37,fy=1081.37,cx=959.5,cy=539.5
fx=364.921,fy=364.921,ix=253.322,iy=202.74,k1=0.0964856,k2=-0.271023,k3=0.0905281,p1=0,p2=0

001729252747
fx=1081.37,fy=1081.37,cx=959.5,cy=539.5
fx=364.233,fy=364.233,ix=254.973,iy=210.733,k1=0.0936215,k2=-0.268869,k3=0.0945546,p1=0,p2=0

511364142542
fx=1081.37,fy=1081.37,cx=959.5,cy=539.5
fx=365.275,fy=365.275,ix=260.131,iy=202.222,k1=0.0914707,k2=-0.266826,k3=0.0902061,p1=0,p2=0

001846252747
fx=1081.37,fy=1081.37,cx=959.5,cy=539.5
fx=365.547,fy=365.547,ix=259.092,iy=209.476,k1=0.0918401,k2=-0.270402,k3=0.0967547,p1=0,p2=0
