%YAML:1.0
kinect2_508554142542:
   camera_matrix: !!opencv-matrix
      rows: 3
      cols: 3
      dt: d
      data: [ 3.6527499999999998e+02, 0., 2.6013099999999997e+02, 0.,
          3.6527499999999998e+02, 2.0222200000000001e+02, 0., 0., 1. ]
   distortion_coefficients: !!opencv-matrix
      rows: 5
      cols: 1
      dt: d
      data: [ 9.1470700000000002e-02, -2.6682600000000001e-01, 0., 0.,
          9.0206099999999997e-02 ]
   rotation: !!opencv-matrix
      rows: 3
      cols: 3
      dt: d
      data: [ 1., 0., 0., 0., 1., 0., 0., 0., 1. ]
   translation: !!opencv-matrix
      rows: 3
      cols: 1
      dt: d
      data: [ 0., 0., 0. ]
kinect2_500767342442:
   camera_matrix: !!opencv-matrix
      rows: 3
      cols: 3
      dt: d
      data: [ 3.6421600000000001e+02, 0., 2.5942899999999997e+02, 0.,
          3.6421600000000001e+02, 2.0861099999999999e+02, 0., 0., 1. ]
   distortion_coefficients: !!opencv-matrix
      rows: 5
      cols: 1
      dt: d
      data: [ 9.5548499999999995e-02, -2.5980399999999998e-01, 0., 0.,
          7.6737000000000000e-02 ]
   rotation: !!opencv-matrix
      rows: 3
      cols: 3
      dt: d
      data: [ 1., 0., 0., 0., 1., 0., 0., 0., 1. ]
   translation: !!opencv-matrix
      rows: 3
      cols: 1
      dt: d
      data: [ 0., 0., 0. ]
kinect2_501408342442:
   camera_matrix: !!opencv-matrix
      rows: 3
      cols: 3
      dt: d
      data: [ 3.6632700000000000e+02, 0., 2.5803500000000003e+02, 0.,
          3.6632700000000000e+02, 2.0987700000000001e+02, 0., 0., 1. ]
   distortion_coefficients: !!opencv-matrix
      rows: 5
      cols: 1
      dt: d
      data: [ 9.0089400000000000e-02, -2.6818100000000000e-01, 0., 0.,
          9.2244699999999999e-02 ]
   rotation: !!opencv-matrix
      rows: 3
      cols: 3
      dt: d
      data: [ 1., 0., 0., 0., 1., 0., 0., 0., 1. ]
   translation: !!opencv-matrix
      rows: 3
      cols: 1
      dt: d
      data: [ 0., 0., 0. ]
kinect2_500334642442:
   camera_matrix: !!opencv-matrix
      rows: 3
      cols: 3
      dt: d
      data: [ 3.6454599999999999e+02, 0., 2.5809500000000003e+02, 0.,
          3.6454599999999999e+02, 2.0874700000000001e+02, 0., 0., 1. ]
   distortion_coefficients: !!opencv-matrix
      rows: 5
      cols: 1
      dt: d
      data: [ 9.2559600000000006e-02, -2.7040100000000000e-01, 0., 0.,
          8.9865700000000007e-02 ]
   rotation: !!opencv-matrix
      rows: 3
      cols: 3
      dt: d
      data: [ 1., 0., 0., 0., 1., 0., 0., 0., 1. ]
   translation: !!opencv-matrix
      rows: 3
      cols: 1
      dt: d
      data: [ 0., 0., 0. ]
kinect2_094245434447:
   camera_matrix: !!opencv-matrix
      rows: 3
      cols: 3
      dt: d
      data: [ 3.6755700000000002e+02, 0., 2.5016100000000000e+02, 0.,
          3.6755700000000002e+02, 1.9922499999999999e+02, 0., 0., 1. ]
   distortion_coefficients: !!opencv-matrix
      rows: 5
      cols: 1
      dt: d
      data: [ 8.8907100000000003e-02, -2.7549899999999999e-01, 0., 0.,
          1.0083000000000000e-01 ]
   rotation: !!opencv-matrix
      rows: 3
      cols: 3
      dt: d
      data: [ 1., 0., 0., 0., 1., 0., 0., 0., 1. ]
   translation: !!opencv-matrix
      rows: 3
      cols: 1
      dt: d
      data: [ 0., 0., 0. ]
kinect2_511093242542:
   camera_matrix: !!opencv-matrix
      rows: 3
      cols: 3
      dt: d
      data: [ 3.6478399999999999e+02, 0., 2.5722800000000001e+02, 0.,
          3.6478399999999999e+02, 2.0657800000000000e+02, 0., 0., 1. ]
   distortion_coefficients: !!opencv-matrix
      rows: 5
      cols: 1
      dt: d
      data: [ 9.4378100000000006e-02, -2.7486800000000000e-01, 0., 0.,
          9.8014500000000004e-02 ]
   rotation: !!opencv-matrix
      rows: 3
      cols: 3
      dt: d
      data: [ 1., 0., 0., 0., 1., 0., 0., 0., 1. ]
   translation: !!opencv-matrix
      rows: 3
      cols: 1
      dt: d
      data: [ 0., 0., 0. ]
kinect2_017688551747:
   camera_matrix: !!opencv-matrix
      rows: 3
      cols: 3
      dt: d
      data: [ 3.6679100000000000e+02, 0., 2.5487200000000001e+02, 0.,
          3.6679100000000000e+02, 2.0630900000000000e+02, 0., 0., 1. ]
   distortion_coefficients: !!opencv-matrix
      rows: 5
      cols: 1
      dt: d
      data: [ 9.1730699999999998e-02, -2.7527499999999999e-01, 0., 0.,
          9.7242499999999996e-02 ]
   rotation: !!opencv-matrix
      rows: 3
      cols: 3
      dt: d
      data: [ 1., 0., 0., 0., 1., 0., 0., 0., 1. ]
   translation: !!opencv-matrix
      rows: 3
      cols: 1
      dt: d
      data: [ 0., 0., 0. ]
kinect2_001650252747:
   camera_matrix: !!opencv-matrix
      rows: 3
      cols: 3
      dt: d
      data: [ 3.6492100000000000e+02, 0., 2.5332200000000001e+02, 0.,
          3.6492100000000000e+02, 2.0274000000000000e+02, 0., 0., 1. ]
   distortion_coefficients: !!opencv-matrix
      rows: 5
      cols: 1
      dt: d
      data: [ 9.6485599999999998e-02, -2.7102299999999999e-01, 0., 0.,
          9.0528099999999996e-02 ]
   rotation: !!opencv-matrix
      rows: 3
      cols: 3
      dt: d
      data: [ 1., 0., 0., 0., 1., 0., 0., 0., 1. ]
   translation: !!opencv-matrix
      rows: 3
      cols: 1
      dt: d
      data: [ 0., 0., 0. ]
kinect2_001729252747:
   camera_matrix: !!opencv-matrix
      rows: 3
      cols: 3
      dt: d
      data: [ 3.6423300000000000e+02, 0., 2.5497300000000001e+02, 0.,
          3.6423300000000000e+02, 2.1073300000000000e+02, 0., 0., 1. ]
   distortion_coefficients: !!opencv-matrix
      rows: 5
      cols: 1
      dt: d
      data: [ 9.3621499999999998e-02, -2.6886899999999999e-01, 0., 0.,
          9.4554599999999996e-02 ]
   rotation: !!opencv-matrix
      rows: 3
      cols: 3
      dt: d
      data: [ 1., 0., 0., 0., 1., 0., 0., 0., 1. ]
   translation: !!opencv-matrix
      rows: 3
      cols: 1
      dt: d
      data: [ 0., 0., 0. ]
kinect2_019894451347:
   camera_matrix: !!opencv-matrix
      rows: 3
      cols: 3
      dt: d
      data: [ 3.6702200000000000e+02, 0., 2.5540200000000001e+02, 0.,
          3.6702200000000000e+02, 2.0281800000000000e+02, 0., 0., 1. ]
   distortion_coefficients: !!opencv-matrix
      rows: 5
      cols: 1
      dt: d
      data: [ 8.6086899999999998e-02, -2.7085999999999999e-01, 0., 0.,
          1.0276599999999996e-01 ]
   rotation: !!opencv-matrix
      rows: 3
      cols: 3
      dt: d
      data: [ 1., 0., 0., 0., 1., 0., 0., 0., 1. ]
   translation: !!opencv-matrix
      rows: 3
      cols: 1
      dt: d
      data: [ 0., 0., 0. ]
kinect2_009139651747:
   camera_matrix: !!opencv-matrix
      rows: 3
      cols: 3
      dt: d
      data: [ 3.6533700000000000e+02, 0., 2.5964800000000001e+02, 0.,
          3.6533700000000000e+02, 2.0461600000000000e+02, 0., 0., 1. ]
   distortion_coefficients: !!opencv-matrix
      rows: 5
      cols: 1
      dt: d
      data: [ 9.3634899999999998e-02, -2.7016499999999999e-01, 0., 0.,
          9.3762699999999996e-02 ]
   rotation: !!opencv-matrix
      rows: 3
      cols: 3
      dt: d
      data: [ 1., 0., 0., 0., 1., 0., 0., 0., 1. ]
   translation: !!opencv-matrix
      rows: 3
      cols: 1
      dt: d
      data: [ 0., 0., 0. ]
kinect2_019337551347:
   camera_matrix: !!opencv-matrix
      rows: 3
      cols: 3
      dt: d
      data: [ 3.6626000000000000e+02, 0., 2.5952900000000001e+02, 0.,
          3.6626000000000000e+02, 2.0490800000000000e+02, 0., 0., 1. ]
   distortion_coefficients: !!opencv-matrix
      rows: 5
      cols: 1
      dt: d
      data: [ 9.1853299999999998e-02, -2.7228999999999999e-01, 0., 0.,
          9.6863599999999996e-02 ]
   rotation: !!opencv-matrix
      rows: 3
      cols: 3
      dt: d
      data: [ 1., 0., 0., 0., 1., 0., 0., 0., 1. ]
   translation: !!opencv-matrix
      rows: 3
      cols: 1
      dt: d
      data: [ 0., 0., 0. ]
