<?xml version="1.0"?>
<opencv_storage>
<intrinsic type_id="opencv-matrix">
  <rows>3</rows>
  <cols>3</cols>
  <dt>d</dt>
  <data>
    6.9297342248845257e+02 0. 9.2225782240389617e+02 0.
    6.9132888333539233e+02 5.0604255931130768e+02 0. 0. 1.</data></intrinsic>
<distortion type_id="opencv-matrix">
  <rows>4</rows>
  <cols>1</cols>
  <dt>d</dt>
  <data>
    3.4817462645748332e-01 1.0982344655476786e-01
    -8.4443168710058455e-02 2.6682349588016761e-02</data></distortion>
 <!-- resumed -->

<rvec_undistorted type_id="opencv-matrix">
  <rows>3</rows>
  <cols>1</cols>
  <dt>d</dt>
  <data>
    1.0143100505621099e+00 2.4445865285895736e+00
    -1.2606765956233770e+00</data></rvec_undistorted>
<tvec_undistorted type_id="opencv-matrix">
  <rows>3</rows>
  <cols>1</cols>
  <dt>d</dt>
  <data>
    -6.6614806008115024e-01 4.5199388567271992e-01
    2.4913025440761616e+00</data></tvec_undistorted>
</opencv_storage>
