<?xml version="1.0"?>
<opencv_storage>
<intrinsic type_id="opencv-matrix">
  <rows>3</rows>
  <cols>3</cols>
  <dt>d</dt>
  <data>
    9.1782332725981405e+02 0. 9.1695560287871933e+02 0.
    9.2090728301630986e+02 5.4495524100560624e+02 0. 0. 1.</data></intrinsic>
<distortion type_id="opencv-matrix">
  <rows>4</rows>
  <cols>1</cols>
  <dt>d</dt>
  <data>
    1.2172883389693120e-01 4.2453057943334311e-03
    -4.1189440418254709e-02 7.1472021810108505e-02</data></distortion>
 <!-- resumed -->

<rvec_distorted type_id="opencv-matrix">
  <rows>3</rows>
  <cols>1</cols>
  <dt>d</dt>
  <data>
    -2.8572672957268486e+00 -1.3648799180938886e-01
    -4.9522972931114906e-01</data></rvec_distorted>
<tvec_distorted type_id="opencv-matrix">
  <rows>3</rows>
  <cols>1</cols>
  <dt>d</dt>
  <data>
    -7.1471058175894475e-03 1.6549254530519816e-01
    3.1056932016379429e-01</data></tvec_distorted>
<rvec_undistorted type_id="opencv-matrix">
  <rows>3</rows>
  <cols>1</cols>
  <dt>d</dt>
  <data>
    -2.8794378075622307e+00 -1.3365090086814177e-01
    -4.7226506472225538e-01</data></rvec_undistorted>
<tvec_undistorted type_id="opencv-matrix">
  <rows>3</rows>
  <cols>1</cols>
  <dt>d</dt>
  <data>
    -1.0328742942876520e-02 1.6536095447423385e-01
    4.1543471091741835e-01</data></tvec_undistorted>
</opencv_storage>
